{"schema":"pulso.study/v2","case_id":"CTRL_single_regime","t_grid":[100.0,121.39772,147.37406,178.90875,217.19114,263.66509,320.0834,388.57395,471.71991,572.65722,695.1928,843.9482,1024.53386,1243.76073,1509.89716,1832.98071,2225.19677,2701.33812,3279.36286,3981.07171,4832.93024,5867.06707,7122.48558,8646.53503,10496.69629,12742.74986,15469.40765,18779.50802,22797.89436,27676.12371,33598.18286,40787.42759,49515.00669,60110.08864,72972.27645,88586.67904,107542.20761,130553.7869,158489.31925,192402.41828,233572.14691,283551.25835,344224.75957,417881.00603,507298.00907,615848.21107,747625.68016,907600.52168,1101806.33011,1337567.75153,1623776.73919,1971227.92152,2393025.73118,2905078.65051,3526699.21417,4281332.39872,5197439.87087,6309573.4448,7659678.23475,9298674.65261,11288378.91685,13703834.50663,16636142.49384,20195897.50164,24517358.87979,29763514.41631,36132227.56796,43863700.0578,53249531.29838,64643716.3249,78475997.03515,95268070.2902,115653264.17903,140400424.55483,170442912.74532,206913808.11148,251188643.15096,304937282.93873,370186905.58462,449398459.07217,545559478.11685,662296761.71483,804013161.11679,976053637.3079,1184906851.00067,1438449888.28767,1746245352.00162,2119902023.84961,2573512700.01691,3124185713.60267,3792690190.73224,4604239376.75877,5589441576.40337,6785454573.39357,8237387069.57101,10000000000.0],"preprocessing":{"derivative_order":1,"L":0.2,"norm":"zscore","n_points":96},"dtw_window":10,"k":2,"medoids":[[0.37453,0.17772,0.95815,0.47025,0.25289,0.11068,-0.63115,0.74471,-0.61702,-0.45547,0.43401,-0.53442,1.34238,1.22295,0.20093,0.98758,0.04241,-0.11729,0.38727,-0.63507,0.28885,0.22229,0.86219,0.7771,-0.01595,0.13933,-0.36804,-1.15162,0.09775,0.00174,-0.22636,0.93641,-0.8631,-1.56344,-1.61586,-2.33326,-1.03539,-2.07974,-0.55752,-2.22275,-1.28154,-0.555,-2.2155,0.62982,-1.28543,-0.31131,-0.62142,-0.30903,-0.36242,-0.17361,0.0496,-1.65189,-0.90872,-0.45252,0.70426,0.93029,2.85379,1.15956,1.64708,0.70167,-0.54671,0.57958,-0.40204,0.92442,0.06894,-0.16907,0.04702,0.62717,0.70142,0.86567,0.55076,-0.746,0.44065,-1.5245,0.96129,0.01166,0.12287,1.98095,-0.76005,0.93922,-0.78492,0.85848,-0.06876,0.13445,2.05942,1.09978,0.90694,0.95443,0.34917,-0.85048,0.33789,0.22383,0.87667,-0.11104,-3.32756,0.1121],[-0.03822,-1.0641,-0.28839,0.81827,0.12496,0.24332,0.72854,-0.11938,-0.08913,0.01553,-0.18608,-0.26315,0.27687,0.5744,-0.03369,0.71418,0.51786,-0.28332,0.32318,0.88865,-1.31391,0.35482,0.09029,-0.99357,0.59516,0.37053,-0.7904,-0.73125,0.49887,-0.63651,0.98485,0.59159,-1.01014,-1.13865,-1.92658,-2.02881,-1.3419,-0.96924,-2.11512,-0.50904,-1.47207,-1.82909,-0.06105,-1.3375,0.75358,0.20296,-1.11892,0.19381,-1.23791,-0.93242,0.07974,0.11102,-0.71405,0.40207,1.79971,-0.33827,1.16863,0.78879,-0.34754,0.93086,-0.57559,0.18235,-0.57413,-1.30349,0.48018,0.79722,0.92396,1.04022,0.81932,-0.14147,-0.36865,0.9911,0.2735,0.71851,-0.61268,-1.04516,-0.45807,-1.38789,0.4117,0.96827,1.51686,1.45458,0.16954,-1.93759,-1.5068,-1.00109,1.50461,1.67913,0.20469,1.32667,0.01402,0.01445,1.30983,0.77479,2.15409,3.2994]],"geotype_counts":[18,12],"silhouette":0.1369,"k_table":{"k":[2,3,4,5,6],"silhouette":[0.1369,0.0832,0.0701,0.0845,0.0665],"cost":[172.62,160.85,153.04,145.81,138.79]},"samples":[{"geotype":0,"curve":[1.42158,0.4957,0.72836,1.07238,-0.13403,0.38842,-0.16708,-0.03304,1.49205,0.06837,0.41267,0.57991,-1.33574,0.13272,0.09433,-0.80173,1.48057,-0.16101,2.2977,0.55404,0.41844,0.71386,-1.53836,-0.14963,-1.1631,-0.22575,0.20894,0.28426,-0.21996,-0.18723,0.28716,-0.75564,-1.24471,-0.88615,-2.91428,-1.51693,-0.79755,-1.57292,-0.94199,-0.03478,-1.33453,-0.7856,-1.83224,-1.20827,-0.28505,-1.22375,0.83943,-0.0749,-0.13643,0.69913,-0.62948,-1.44254,-1.06756,-0.21863,1.28163,0.63667,0.52621,0.79649,-0.79641,0.28609,0.17536,0.71814,-1.28111,0.58289,1.57047,-0.83945,1.93725,0.77487,-0.0419,0.90116,0.7421,-0.47295,0.3962,-1.05999,1.09554,-0.00878,0.45379,2.36626,-0.03753,1.47881,0.61565,-0.79198,-1.93952,-2.00065,-0.0388,0.13271,0.22692,1.87877,0.27053,0.93533,1.53383,0.52518,-0.47152,-0.49266,0.38842,-0.60345]},{"geotype":0,"curve":[1.44364,0.10392,0.9596,1.22609,-0.13347,-0.24705,0.20884,-0.31583,0.16378,0.58679,0.36783,0.34804,0.5086,0.35059,0.33251,0.06694,0.3883,0.4407,-0.02907,1.58352,0.23421,-0.39479,-0.00153,-1.4249,-0.8646,0.08287,0.576,0.38104,0.39475,0.17296,-0.5765,-0.3115,-0.15637,-0.81732,-1.28055,-1.03592,-1.03919,-0.66206,-0.63496,-0.32512,-1.01952,-1.71735,-0.50462,-2.01404,-0.04385,0.22029,-1.02246,0.71808,-0.12395,0.30264,0.82883,-0.41845,0.54266,0.48042,0.44038,1.30671,-0.79015,-0.26079,-0.36774,0.31559,0.066,-0.30311,0.20501,-0.26819,0.54383,1.22783,0.71916,0.99274,0.26616,-0.91218,-0.15839,-0.27834,1.36155,0.96701,0.80319,-0.52202,-0.50191,-0.00336,0.94202,1.18889,-0.67318,-0.00262,0.87556,-0.45191,2.39389,1.57337,-2.51985,0.53311,-0.25691,-0.51069,2.18575,0.13957,0.51306,-0.867,-5.29583,-1.5157]},{"geotype":0,"curve":[1.72706,0.97084,0.6539,0.50059,-0.02424,0.57895,-0.51273,1.37131,-0.5172,-0.21124,0.70027,-0.80778,1.57035,0.32118,0.72538,-0.10882,0.24763,0.86389,0.24085,-0.04291,0.07197,-1.34546,-0.58953,0.06178,-0.99796,-0.30402,0.47342,-0.55649,0.24886,0.79875,-0.87498,0.44297,-1.28178,-1.19637,-0.4136,-1.43257,-0.44897,-1.761,-2.66235,-1.56386,-0.62217,-0.77651,0.74751,-0.55294,-1.30074,0.18749,-1.21471,-0.58627,-0.23992,-0.92425,0.94663,-0.38761,0.95558,1.01268,-0.91556,1.38839,-0.62619,0.37891,0.08731,0.30256,-0.31424,-0.09007,2.18478,-0.31031,0.7484,0.28769,0.13784,0.63809,0.72755,0.86001,-0.39948,-1.08426,-0.62847,1.05195,0.70186,2.403,0.46855,-0.98773,-1.2326,0.5065,0.71509,0.1183,-0.18797,-1.53682,0.52716,-1.09176,2.19103,1.55275,-1.13882,1.90272,0.42956,-1.33962,1.35893,-0.68195,-2.39329,1.12936]},{"geotype":1,"curve":[-0.66241,-1.74437,0.15811,1.15411,0.35083,0.58775,0.01305,0.40271,0.17019,0.43792,0.57999,0.64944,0.16347,0.46062,-0.21635,-0.52698,0.8999,-0.20256,0.58499,0.26195,-0.1482,0.23409,-0.2781,-0.43343,0.16519,-0.58233,0.02983,0.48345,-0.73363,0.3589,-1.39881,-1.61728,-0.51581,-1.58032,-0.00848,-0.6612,-1.55721,-1.01046,-1.38302,-0.75722,-0.89447,-1.14429,-1.85008,-1.58258,-1.1761,-0.09098,0.35291,-0.42223,0.64587,-0.45265,-0.27581,0.62259,-0.06001,1.11887,0.16065,0.79056,0.63138,-0.69816,0.14862,-1.15895,-0.25174,-0.4667,1.77957,3.4912,-0.67972,1.08604,-0.90556,-1.44446,1.37891,-0.93762,0.64481,0.11239,-0.11528,0.78735,1.9564,0.39041,1.50664,1.10909,-1.20589,-0.97166,-0.54908,0.78741,0.6142,1.48852,1.55464,1.25827,-1.30611,1.97801,-1.06259,-1.11422,1.90603,-1.61757,0.96243,0.55728,-0.21817,0.70333]},{"geotype":1,"curve":[-1.31501,-0.6047,-0.30537,0.1312,0.10894,-0.34319,-0.16031,-0.00511,0.53691,0.59446,0.78558,0.0155,0.11751,0.60949,0.30143,0.9327,0.24417,-0.04488,-0.43836,-1.1712,0.35818,-0.53714,0.35488,0.38502,-0.6841,0.56439,-0.2849,0.10476,-0.08109,-1.28758,-1.10322,-0.63702,-1.25592,-0.54654,-0.69332,-0.25518,-0.27081,-0.37186,-1.60863,-1.63395,-0.8807,-1.27172,-0.28564,-1.4321,0.27373,-0.51883,-0.03101,0.33124,-1.32365,-0.32293,-0.65964,-0.42984,0.10888,0.66264,1.09808,0.58208,0.47719,-0.30653,-0.31978,0.90342,1.69536,0.73188,0.1004,-1.03599,-1.64902,0.39354,1.85631,0.50766,1.58917,-0.62136,-1.50546,1.43317,-2.69138,1.53707,1.4043,-0.02258,1.30576,-0.36632,-1.03945,-0.35891,0.66835,0.57646,0.69543,-1.14211,0.65267,0.15643,-0.48504,1.86854,0.36357,0.61512,-0.1371,1.27144,-0.58013,0.46627,4.85019,-0.26486]},{"geotype":1,"curve":[0.03878,-0.56859,0.76783,0.81704,0.22946,0.42003,-0.1559,0.0858,0.57077,1.30956,0.68737,0.06046,-0.08903,-0.95473,-1.27559,0.24885,-0.43041,0.53407,1.43283,-0.73626,0.11368,-0.75197,-1.03575,1.83633,0.07876,0.00419,0.0951,-1.18263,-0.0467,0.49307,0.25801,-1.8544,-1.23682,-0.89802,-1.07921,0.24362,-0.4923,-1.24314,-2.18148,-0.85017,-0.41787,-1.43882,-0.63057,-1.76111,-2.08724,-0.6036,-0.92137,0.60654,0.02177,-0.70467,-0.30951,-1.65459,0.39022,1.54378,1.14458,1.06888,0.48907,-0.91158,-0.74918,-0.66859,0.70074,0.67814,0.72702,1.35961,-0.06936,-0.68113,0.96511,1.07281,-0.0537,1.17919,0.50338,-0.69462,1.51227,0.06619,0.16838,0.05501,-1.61812,-0.96681,-1.16498,0.2696,-0.34406,1.82377,0.31609,2.27831,0.48026,-0.17081,0.37988,-2.52571,0.46272,0.17169,0.94697,0.47664,1.05681,1.05047,1.3399,2.57966]}],"calibration_scores":{"0":[5.85583,6.18142,6.27755,6.3047,6.3164,6.35313,6.3597,6.41715,6.5955,6.87089],"1":[5.3368,5.77875,6.02221,6.12086,6.60199]},"assignments":[{"point_prediction":0,"p_values":[0.9090909090909091,0.16666666666666666],"prediction_set":[0,1],"alpha":0.15,"distances":[6.105987132481694,8.300670909251771],"out_of_catalogue":false,"test_index":0},{"point_prediction":1,"p_values":[0.09090909090909091,0.6666666666666666],"prediction_set":[1],"alpha":0.15,"distances":[6.955124541862744,6.021293891695299],"out_of_catalogue":false,"test_index":1},{"point_prediction":1,"p_values":[0.18181818181818182,0.6666666666666666],"prediction_set":[0,1],"alpha":0.15,"distances":[6.77390250512391,5.879720257018449],"out_of_catalogue":false,"test_index":2},{"point_prediction":1,"p_values":[0.09090909090909091,0.5],"prediction_set":[1],"alpha":0.15,"distances":[6.872373501715173,6.024787029092504],"out_of_catalogue":false,"test_index":3},{"point_prediction":1,"p_values":[0.09090909090909091,0.8333333333333334],"prediction_set":[1],"alpha":0.15,"distances":[9.046848152177754,5.492401620829337],"out_of_catalogue":false,"test_index":4},{"point_prediction":1,"p_values":[0.09090909090909091,0.5],"prediction_set":[1],"alpha":0.15,"distances":[7.033662051719539,6.063185493590937],"out_of_catalogue":false,"test_index":5},{"point_prediction":0,"p_values":[0.9090909090909091,0.16666666666666666],"prediction_set":[0,1],"alpha":0.15,"distances":[5.888070290393706,8.540002350448399],"out_of_catalogue":false,"test_index":6},{"point_prediction":0,"p_values":[0.8181818181818182,0.16666666666666666],"prediction_set":[0,1],"alpha":0.15,"distances":[6.196708717411668,10.347495951970219],"out_of_catalogue":false,"test_index":7},{"point_prediction":0,"p_values":[0.18181818181818182,0.16666666666666666],"prediction_set":[0,1],"alpha":0.15,"distances":[6.737725785567054,9.078528458687481],"out_of_catalogue":false,"test_index":8},{"point_prediction":1,"p_values":[0.09090909090909091,0.16666666666666666],"prediction_set":[1],"alpha":0.15,"distances":[8.245259795434468,6.634945871968769],"out_of_catalogue":false,"test_index":9},{"point_prediction":0,"p_values":[0.2727272727272727,0.16666666666666666],"prediction_set":[0,1],"alpha":0.15,"distances":[6.566467482146575,7.437229698581081],"out_of_catalogue":false,"test_index":10},{"point_prediction":0,"p_values":[0.2727272727272727,0.16666666666666666],"prediction_set":[0,1],"alpha":0.15,"distances":[6.564511988868913,7.60615561177569],"out_of_catalogue":false,"test_index":11}],"attribution":{"gate":{"accuracy":0.25,"passed":false,"threshold":0.7,"n_test":8},"kept_features":["log10_omega","log10_lam"],"dropped_features":[],"seed":42,"shap_mean_abs":null,"permutation_importance":null,"rank_agreement_spearman":null,"status":"ok"},"params_sample":[],"summary":{"coverage":1.0,"target":0.85,"ood_rate":0.0,"mean_set_size":1.6},"members":{"geotype":[1,0,0,0,0,1,0,0,0,0,0,0,1,1,1,0,0,0,0,0,0,0,0,1,1,1,1,1,1,1],"curves":[[-1.74437,0.15811,0.35083,1.15411,0.01305,0.40271,0.43792,0.64944,-0.21635,0.46062,-0.52698,0.8999,-0.1482,0.58499,-0.43343,0.23409,-0.58233,0.16519,-0.73363,0.48345,-1.61728,-0.51581,-1.58032,-0.00848,-1.55721,-1.01046,-1.14429,-0.75722,-1.85008,-1.1761,-0.42223,0.35291,-0.45265,0.64587,-0.06001,1.11887,0.16065,0.79056,-1.15895,0.14862,-0.4667,1.77957,-0.67972,3.4912,-1.44446,1.37891,-0.93762,0.64481,-0.11528,1.9564,0.39041,1.50664,-1.20589,-0.54908,0.6142,1.48852,-1.30611,1.55464,-1.11422,1.97801,-1.61757,1.90603,-0.21817,0.70333],[0.4957,1.42158,-0.13403,1.07238,-0.16708,1.49205,0.06837,0.57991,-1.33574,0.13272,-0.80173,1.48057,0.41844,2.2977,-1.53836,0.71386,-1.1631,0.20894,-0.21996,0.28426,-1.24471,0.28716,-2.91428,-0.88615,-1.57292,-0.79755,-1.33453,-0.03478,-1.83224,-0.28505,-1.22375,0.83943,-0.62948,0.69913,-1.44254,-0.21863,0.52621,1.28163,-0.79641,0.79649,-1.28111,0.71814,-0.83945,1.57047,-0.0419,1.93725,-0.47295,0.90116,-1.05999,1.09554,-0.00878,2.36626,-0.03753,1.47881,-2.00065,-0.79198,-0.0388,0.22692,0.27053,1.87877,-0.47152,1.53383,-0.60345,0.38842],[0.10392,1.44364,-0.24705,1.22609,-0.31583,0.20884,0.34804,0.58679,0.33251,0.5086,0.06694,0.4407,-0.02907,1.58352,-1.4249,-0.00153,-0.8646,0.576,0.17296,0.39475,-0.5765,-0.15637,-1.28055,-0.81732,-1.03919,-0.63496,-1.71735,-0.32512,-2.01404,-0.04385,-1.02246,0.71808,-0.12395,0.82883,-0.41845,0.54266,-0.79015,1.30671,-0.36774,0.31559,-0.30311,0.20501,-0.26819,1.22783,0.26616,0.99274,-0.91218,-0.15839,0.80319,1.36155,-0.52202,-0.00336,-0.67318,1.18889,-0.45191,0.87556,-2.51985,2.39389,-0.51069,0.53311,0.13957,2.18575,-5.29583,-0.867],[0.6539,1.72706,-0.02424,0.57895,-0.5172,1.37131,-0.80778,0.70027,0.32118,1.57035,-0.10882,0.86389,-0.04291,0.24085,-1.34546,0.06178,-0.99796,0.47342,-0.55649,0.79875,-1.28178,0.44297,-1.43257,-0.4136,-2.66235,-0.44897,-1.56386,-0.62217,-1.30074,0.74751,-1.21471,0.18749,-0.92425,0.94663,-0.38761,1.01268,-0.91556,1.38839,0.08731,0.37891,-0.31424,2.18478,-0.31031,0.7484,0.13784,0.72755,-1.08426,0.86001,-0.62847,1.05195,-0.98773,2.403,-1.2326,0.71509,-1.53682,0.1183,-1.09176,2.19103,-1.13882,1.90272,-1.33962,1.35893,-2.39329,1.12936],[-0.52778,-0.09249,-0.36413,0.3051,0.51109,1.33097,-0.50474,0.85395,-0.32791,0.21671,-0.20711,0.62292,-0.0051,0.42873,0.11915,0.78448,-0.4942,0.05711,-1.5915,-0.02551,-1.2149,0.64666,-2.71492,0.21436,-1.46565,-0.81982,-0.87633,0.25205,-0.55663,0.64392,-1.36403,-0.74711,-0.89254,0.29735,0.27445,0.94744,-0.49047,2.64555,-1.25001,0.66743,-0.15098,0.91886,-0.23934,0.10225,0.25726,1.57871,-0.35184,0.53085,-0.253,1.34133,-1.02282,0.21558,-0.38825,1.41074,-1.54985,1.47121,-1.42358,0.981,0.62957,1.83568,1.13189,1.6438,-3.46805,0.19838],[-1.31501,-0.30537,-0.34319,0.1312,-0.16031,0.53691,0.0155,0.78558,0.11751,0.60949,-0.04488,0.9327,-1.1712,0.35818,-0.53714,0.38502,-0.6841,0.56439,-1.28758,0.10476,-1.25592,-0.63702,-0.69332,-0.25518,-1.60863,-0.27081,-1.63395,-0.8807,-1.4321,0.27373,-0.51883,0.33124,-1.32365,-0.32293,-0.42984,0.66264,0.47719,1.09808,-0.31978,0.90342,0.1004,1.69536,-1.64902,0.39354,0.50766,1.85631,-1.50546,1.43317,-2.69138,1.53707,-0.36632,1.30576,-1.03945,0.66835,-1.14211,0.69543,-0.48504,0.65267,0.36357,1.86854,-0.58013,1.27144,-0.26486,4.85019],[0.80476,1.11747,-0.25508,0.22229,0.02303,0.95113,-0.29729,-0.00615,0.20922,0.70788,-0.34921,0.55953,-0.47811,0.27393,0.2712,0.80225,-0.1063,0.13983,-1.28969,0.4854,-1.12949,-0.41202,-0.98102,0.5714,-1.16508,-0.37681,-1.00561,-0.67336,-1.12051,-0.16796,-0.78677,0.13867,-0.59247,1.62305,-0.49472,-0.00549,-1.07381,0.95434,0.01317,0.32975,-0.56585,1.30419,-0.93787,0.40572,1.11054,1.7295,-0.97509,-0.13403,0.84254,1.58698,-1.23633,0.07265,0.40049,0.94763,0.24532,0.92838,0.06494,1.41718,-1.14814,-0.52411,0.68073,2.58951,-5.1697,0.01858],[-0.42224,0.94835,0.15124,0.40284,-0.37996,0.39519,0.61795,0.65535,-0.32604,0.54837,-0.1496,0.25616,0.06885,0.82056,-0.53136,1.1557,-0.14503,-0.10292,-0.9815,-0.13394,-1.21965,-0.25932,-0.60412,0.02533,-1.22636,-0.21223,-2.98377,-0.42964,-2.03857,0.79741,0.4461,0.87885,-1.59858,-0.14939,-0.89908,0.843,-0.12917,0.63421,0.07141,2.6348,-1.41004,0.62499,-1.17658,0.99684,0.273,1.05323,0.04271,0.53592,-0.73256,1.54808,-0.08706,0.70793,-1.47199,0.46294,-0.98027,1.61278,0.47495,1.28152,-0.05278,1.5735,-0.30226,2.76949,-2.99235,-1.04564],[0.17772,0.95815,0.11068,0.47025,-0.63115,0.74471,-0.53442,0.43401,0.20093,1.34238,-0.11729,0.98758,-0.63507,0.38727,0.22229,0.86219,-0.36804,0.13933,-1.15162,0.09775,-0.8631,0.93641,-2.33326,-1.56344,-2.07974,-0.55752,-2.22275,-0.555,-2.2155,0.62982,-0.62142,-0.30903,-0.36242,0.0496,-1.65189,-0.45252,0.70426,2.85379,0.70167,1.64708,-0.54671,0.57958,-0.16907,0.92442,0.04702,0.70142,-0.746,0.86567,-1.5245,0.96129,0.01166,1.98095,-0.78492,0.93922,-0.06876,0.85848,0.90694,2.05942,-0.85048,0.95443,0.22383,0.87667,-3.32756,0.1121],[-0.80301,0.79038,-0.32532,0.05489,-0.49098,1.09468,-0.21022,0.60839,0.28642,1.27786,-0.26756,0.95862,-1.29329,0.63046,-1.16603,0.7517,-0.35531,1.64711,-0.73891,-0.36562,-2.03851,-0.35329,-1.32506,0.82352,-1.68181,-1.1318,-2.09684,0.36138,-2.4509,0.2777,-1.46645,1.55847,-1.68944,1.0256,-0.48956,0.76522,-0.71019,0.78206,-1.20628,0.95744,0.08679,1.92152,-0.39299,1.15033,0.17225,1.15982,-0.79209,-0.19434,-0.39041,0.96576,-1.21782,1.70933,-1.46492,0.79183,-0.6468,1.95388,-0.58432,1.70372,0.32219,2.22188,-1.72763,-0.02068,0.0944,0.46105],[-0.9002,0.61791,0.00625,0.7153,-0.76311,0.18388,-0.15136,0.9172,-0.35101,0.05947,0.94397,1.23764,-0.35994,0.80788,-0.3611,-0.19538,-0.15826,0.39017,-0.96927,0.53393,-0.74206,-0.40856,-0.83135,0.93511,-1.85122,-0.59738,-1.05966,0.11478,-2.5453,0.11855,-0.65162,0.96654,-1.01806,0.13832,-1.95466,1.10492,-0.5324,1.57951,0.08035,1.37677,-0.22819,0.49598,-0.1134,1.67767,-0.46456,0.33122,-1.28754,0.88057,0.275,1.39299,-0.98705,1.00741,-0.047,0.8062,-2.09448,1.72215,-0.23904,0.96208,-0.89599,0.94895,-0.44497,1.81877,-4.42029,-0.06922],[0.01126,0.77703,-0.09386,0.40166,-0.88636,0.9229,0.11865,0.56711,-0.52124,1.39671,-0.98812,0.79383,0.1186,0.32062,0.1118,0.74299,-0.57638,0.8609,-1.60681,-0.07992,-1.59048,0.37419,-1.54338,-0.41312,-2.02554,-0.52034,-1.9973,-0.45402,-1.06527,0.1914,-1.36301,0.66592,-1.02483,-0.43567,-0.45144,1.02231,-0.42658,0.94512,-0.50125,0.09114,0.14372,1.34609,-0.53942,0.70056,-0.27177,0.67687,-0.31834,1.68704,-0.74194,2.36333,-1.13981,1.66122,0.30631,3.21955,0.07642,0.23535,-0.53283,2.07537,-0.26221,1.46012,-0.01209,1.23588,-2.70986,-0.39457],[-0.56859,0.76783,0.22946,0.81704,-0.1559,0.57077,0.06046,1.30956,-1.27559,-0.08903,-0.43041,0.53407,-0.73626,1.43283,-1.03575,1.83633,0.00419,0.0951,-1.18263,0.49307,-1.8544,0.25801,-1.07921,0.24362,-2.18148,-0.4923,-1.43882,-0.41787,-2.08724,-0.63057,-0.92137,0.60654,-0.70467,0.02177,-1.65459,1.54378,0.48907,1.14458,-0.91158,-0.66859,0.67814,0.72702,-0.68113,1.35961,-0.0537,1.07281,-0.69462,1.17919,0.06619,1.51227,-1.61812,0.05501,-1.16498,0.2696,0.31609,2.27831,-0.17081,0.48026,-2.52571,0.46272,0.47664,1.05681,1.05047,2.57966],[-1.0641,-0.03822,0.12496,0.81827,-0.11938,0.72854,-0.26315,0.01553,-0.03369,0.5744,-0.28332,0.71418,-1.31391,0.88865,-0.99357,0.35482,-0.7904,0.59516,-0.73125,0.49887,-1.01014,0.98485,-2.02881,-1.13865,-2.11512,-0.96924,-1.82909,-0.50904,-1.3375,0.75358,-1.11892,0.20296,-1.23791,0.07974,-0.71405,0.40207,-0.33827,1.79971,-0.34754,0.93086,-0.57559,0.18235,-1.30349,0.79722,0.81932,1.04022,-0.36865,0.9911,-0.61268,0.71851,-1.38789,-0.45807,0.4117,1.51686,-1.93759,1.45458,-1.5068,1.50461,0.20469,1.67913,0.01402,1.30983,0.77479,3.2994],[0.10262,2.06325,-0.61154,0.35401,-0.41289,0.36693,-0.3235,0.08693,-0.26096,0.05358,0.24711,1.05475,0.09661,0.72565,-0.35968,0.71172,-0.88539,-0.29617,-0.25839,0.46155,-1.34503,-0.56469,-1.19273,-0.4395,-1.90875,-0.37403,-1.33377,0.9015,-1.68471,-0.2617,-1.54142,-0.27871,-0.15035,0.88805,-1.81806,0.26856,-0.27612,1.95372,-0.03565,0.23054,0.08516,0.79464,-0.80694,0.29879,-0.92944,1.01138,-0.21808,1.17919,0.125,1.36274,-1.60388,-0.13923,-2.17334,0.74192,1.16122,2.28234,-0.8307,0.55349,-0.13991,0.35106,-0.41774,-0.35092,1.29943,4.07304],[-0.04908,0.62258,0.22273,0.43151,-0.13221,0.909,-0.10477,0.00805,-0.41068,1.1169,-0.36651,0.71451,-1.07641,0.82623,0.30646,0.41999,-0.84151,0.83442,-1.44792,1.30831,-0.85047,0.43508,-2.45445,-0.29903,-1.72937,0.32905,-3.78122,-0.41405,-2.75139,1.05448,-1.03129,0.89695,-0.50325,-0.22247,-0.91417,0.19899,0.06278,1.31175,0.41563,1.46405,-0.0818,0.4633,-1.10548,0.58759,-0.0059,0.98356,-0.52386,1.49947,0.30179,2.2527,-1.06041,0.48546,-1.11275,0.44407,0.36004,1.31255,-0.16253,1.59819,-0.38074,1.6242,-1.93177,0.20636,-2.5908,0.56483],[0.0351,0.55652,-0.13057,0.3817,-0.98989,1.10155,0.47216,1.51258,-0.18547,0.89928,-0.50055,0.63028,-0.33152,1.40997,-1.01873,1.01038,-0.39106,0.39499,-0.67829,0.7112,-0.37791,0.23051,-2.27819,-0.71491,-1.32007,-0.26919,-1.77454,-1.45821,-1.70917,0.55205,-0.5495,0.24873,-0.49587,0.88192,-0.30803,0.17742,-0.46248,-0.01071,-1.41702,1.50107,-1.20451,-0.19908,0.70694,2.36108,0.14259,1.15059,-2.69584,1.6139,-0.04503,2.29714,-0.1234,1.71792,-1.60473,1.02588,-0.36996,1.23413,-0.66237,0.54746,-0.00948,0.89233,-0.46061,0.92344,-2.14603,-0.47753],[0.22827,0.67838,-0.09561,1.08218,-0.63762,1.17244,0.01856,0.62641,0.13052,1.03535,-0.509,0.1788,0.57179,1.35647,-1.00019,1.47362,-1.16424,-0.35864,-0.67643,0.08394,-0.80751,0.01099,-1.44524,-0.70924,-2.05564,-0.96406,-1.25653,-0.35623,-0.71849,0.11973,-1.13877,0.10018,-1.30022,0.49225,-0.26807,0.86789,0.75102,0.86528,-0.03694,1.12537,-0.96711,0.74131,0.15322,0.87401,-0.15768,0.59844,-1.42301,1.93793,-1.40229,-0.69666,-0.75098,1.79753,0.13101,0.92024,-0.72013,1.45538,-0.47754,0.71696,-0.96749,-0.28598,-0.3775,1.90394,-4.34325,-0.93769],[0.16763,1.18667,-0.22362,0.1703,-0.10153,0.48159,-0.09191,0.97199,0.2998,1.41318,0.12192,0.39861,-0.51034,0.47599,-0.14825,0.66364,-1.02231,-0.53661,-0.73841,0.05368,-1.01114,0.16328,-2.48208,-0.67664,-1.87763,-1.21102,-2.35971,-0.5784,-0.90265,0.40983,-1.83656,-0.10718,-1.13287,-0.09041,-1.12351,0.68026,0.14408,1.33331,-0.01035,0.60983,-0.44422,1.68802,-2.66512,0.3518,0.27511,1.50113,0.52944,2.4112,-0.50137,1.34902,-1.19451,1.74294,-0.79916,-0.28089,0.16711,1.11705,0.45837,2.49251,-0.97072,-0.31077,-1.31648,1.21516,-0.15589,1.63971],[0.27628,0.99607,-0.49912,1.00776,0.47671,1.68542,0.5453,1.24307,-1.60556,-0.50444,-0.30125,1.0761,-1.29403,0.88572,-1.22245,0.96443,-0.13057,0.40684,-1.12564,0.60616,-2.51586,-1.21239,-0.69225,0.29797,-1.77139,-1.46364,-2.16937,-0.19606,-1.01643,0.12481,-1.60514,0.36904,-1.08372,0.26702,-0.62431,1.46856,0.1662,1.05951,0.66358,1.38155,-1.5458,1.08866,0.09609,1.7316,-1.65787,0.0042,-0.3486,1.82567,-0.51395,1.21066,0.28072,1.10497,-1.8641,1.01749,0.14297,2.4739,-0.9042,-0.52912,-0.13085,0.55944,-0.38322,0.50423,-1.19412,0.8841],[0.43628,1.86652,0.08999,0.81574,-0.40395,0.43893,0.34567,0.74605,-0.09618,0.62345,-0.21479,0.26665,0.37029,0.93753,-0.21304,0.46827,-0.3535,0.32137,-0.66064,-0.33856,-0.99261,0.65954,-1.30048,-0.81844,-1.75626,-0.18734,-1.44904,-0.25216,-2.14677,-0.61819,-1.00162,0.07552,0.62569,2.28832,-0.63958,0.41568,-0.58358,0.93271,-0.89094,0.79055,-0.7022,1.8608,-0.56261,1.47437,-1.56543,1.53155,-0.69583,0.30301,0.15942,1.2191,0.39195,1.35842,-0.4446,1.14091,-1.10682,0.20711,0.88119,2.47328,-0.73683,1.35293,-2.11144,-0.10405,-3.5179,1.47748],[-0.22043,1.17911,-0.34552,0.88066,-0.97836,-0.13027,-0.86468,0.95042,0.28974,1.36843,-0.12066,0.9524,-0.71556,0.27666,0.01684,0.72924,-0.2174,0.34641,-0.52873,-0.0018,-1.61373,-0.78675,-1.64688,-0.69814,-2.02496,-0.65171,-2.21349,-0.87117,-1.07834,-0.16917,-0.35396,-0.08097,-0.95303,0.51043,-0.43678,0.688,0.55111,0.93991,-0.67227,1.49904,-1.12828,-0.01325,-0.16106,0.73946,-0.40822,1.05573,0.35241,0.94392,-1.45585,0.31792,-0.78529,1.46631,0.26359,1.43968,-0.16081,3.91529,-1.88981,-0.96133,-0.66272,1.57878,-0.87618,1.28962,-0.08644,3.07875],[1.02315,1.37256,-0.04888,0.47447,-0.23298,0.21698,0.3157,1.59189,-0.25249,0.86047,-0.32144,0.54558,-1.08503,0.52336,-0.38385,1.02549,-0.41551,1.08032,-1.24659,1.28673,-0.96352,0.40172,-1.60865,-0.8653,-1.71822,-0.22668,-2.6924,-0.94896,-1.11765,-0.43244,-1.17955,-0.10198,-0.68949,-0.04064,-0.84784,1.21109,0.58393,2.26325,-1.29014,0.62492,-1.25356,1.28377,0.01635,1.58425,-0.36859,1.03744,-0.73077,-0.22999,0.70241,1.97736,-0.6349,1.33548,-0.41065,0.14761,-1.02934,-0.31892,-1.52432,0.74604,1.70544,2.32603,-0.84328,0.41808,-1.31641,1.51741],[-0.71601,0.54784,0.20217,0.59978,-0.42817,0.4108,-0.11116,0.41479,0.10216,0.92215,-0.64268,0.81644,0.03821,0.89284,-0.88562,0.33305,-1.74921,0.20378,-0.69193,0.75923,-2.38076,-0.03113,-2.43742,-0.13638,-1.19469,0.58573,-2.11048,-1.83373,-1.28107,0.31658,-0.78384,0.31115,-1.1626,-0.36263,-0.25786,1.71946,-0.60437,0.61728,-1.19136,0.40126,-0.8413,0.93191,0.57497,1.21132,-0.78956,-0.1027,0.16272,1.39051,-1.71798,-0.23581,-0.03326,1.21396,-0.22087,1.06787,-0.62281,0.20506,-0.31922,1.06739,-1.24999,1.60802,-0.65005,1.45094,0.03885,3.39381],[-0.2002,0.27599,0.33135,0.67591,-0.35725,0.14533,0.0306,0.18341,0.43144,0.84112,-0.33841,0.90607,-0.0561,0.69945,-0.68561,0.26737,-0.72663,-0.16998,-0.80565,0.20226,-1.85117,-1.1579,-1.06925,0.07794,-1.34791,-0.0088,-1.61685,-1.24692,-1.27259,-0.2189,-0.66455,0.34266,-1.17108,0.6143,0.02091,0.81646,0.75262,0.90836,-0.50538,0.25239,-1.07981,0.66712,-0.41903,1.28861,-0.27097,1.14172,-2.02593,0.21309,0.14389,2.32852,-0.92517,0.5312,-1.00758,1.42404,-0.37949,0.82713,-1.38641,1.0902,-0.09188,-0.02603,-1.76803,1.90729,-0.2866,4.91006],[-0.05382,1.15463,-0.34627,0.98122,-0.63549,0.72723,-0.5144,0.38009,-0.35501,1.18478,-0.26798,0.43916,-0.85351,-0.38783,-0.22165,0.57867,-0.54699,0.2257,-0.30349,0.31901,-1.55298,0.53723,-1.40282,-0.5679,-1.58863,-0.85981,-0.78939,0.08192,-2.0637,-0.81003,-1.28267,0.07328,-0.91979,1.00538,-0.00808,1.71079,-1.14053,-0.29588,0.19884,0.75021,-0.64309,2.02625,-1.7558,1.80851,-1.16536,0.66213,0.31015,0.69173,-0.46037,0.46973,0.10208,0.76138,-0.53984,-0.13776,0.20352,0.71211,-0.7196,-0.11228,-0.86442,1.50664,-0.8664,1.77131,-0.21299,5.30228],[0.10012,0.78467,0.1907,0.54013,-0.15776,0.92376,-0.14578,0.39447,-0.52859,0.22834,-0.8139,1.18423,0.02615,0.36969,-0.47282,-0.10987,-0.10717,0.81628,-1.87536,-0.34509,-1.42548,-0.47078,-0.8451,0.15092,-2.29471,-0.46373,-1.94683,-0.01042,-1.61472,-0.17393,-1.21145,0.05407,-0.17796,0.75716,-0.41538,1.67214,-1.11525,-0.22769,-0.15621,0.72508,-0.02074,1.29719,-1.09801,0.61255,-1.12054,1.47165,-0.51089,1.09776,0.01228,1.78579,-1.61336,0.5797,0.73572,1.29263,-1.60613,0.54479,-2.26157,2.55291,-0.63052,1.38723,-0.2328,1.03408,0.49874,2.97473],[-0.52946,0.56778,0.39583,1.11496,-0.75443,0.1541,0.19808,0.81509,-0.51908,0.65619,-0.11061,0.68399,-0.16155,-0.13584,-0.53501,0.40423,-0.43811,1.84888,-1.41698,0.45335,-1.29856,-0.00374,-2.46162,-1.58414,-0.83708,-0.37401,-1.83994,0.01788,-0.57425,0.5865,-1.61063,-0.3,0.0595,0.65713,-1.18497,-0.07271,0.0292,0.72011,-0.66546,1.15099,0.35991,2.11219,-0.76308,2.00985,-1.27597,0.75232,-0.41173,1.37462,0.36611,0.89973,-1.22403,1.37898,-0.15611,1.40978,-2.13934,-0.28407,1.04522,3.21335,-2.166,1.28933,-0.62889,1.50314,-0.39357,1.09224],[-0.03374,0.43404,0.55707,0.89889,-0.20598,0.11075,-0.68823,0.55549,0.07339,0.80135,-0.13174,0.68836,-0.91347,0.18694,-1.29201,1.15062,-0.42082,1.10111,-0.50248,-0.04246,-0.93277,0.11143,-2.73336,-0.5384,-2.51979,0.8703,-1.56528,-0.55256,-1.75859,-0.96938,-2.02662,0.48699,0.58508,0.80833,-0.41383,1.38611,-1.31196,1.41988,-0.05657,1.5198,-0.16828,0.85488,0.09462,0.47962,-1.06639,1.02161,0.04531,0.62779,-0.56007,1.11462,-0.87186,1.12877,-0.78696,1.81152,0.02119,1.68614,-1.98536,0.08108,-1.24838,1.1078,0.16188,1.34875,-1.1639,2.61524],[0.63171,1.36933,-0.17358,0.10748,-0.58481,0.39075,-0.09635,0.87552,-0.21295,0.19055,0.20717,1.29099,-1.2627,-0.19153,-0.82863,0.78901,-0.26029,0.39228,-0.76079,-0.16012,-1.05217,0.19269,-2.23839,-1.17091,-1.04523,-0.18005,-1.44065,-0.74162,-0.715,0.08129,-1.33455,0.16248,-2.14161,0.47408,-0.38731,1.99543,-1.17716,0.37592,-0.41367,1.22784,-0.51229,0.39486,-2.09553,0.53285,0.146,0.92884,0.22926,1.93655,-1.89906,-0.1636,-0.72115,1.6959,0.6965,1.80049,-1.60631,0.50059,-0.62141,2.63904,-1.00885,0.33969,-1.03842,1.14065,1.31354,2.04282]]},"envelopes":[{"geotype":0,"p10":[-0.19974,-0.61035,0.12787,-0.0381,-0.14702,-0.27053,-0.67074,-0.73984,-0.54715,-0.21053,-0.13374,-0.51364,-0.57473,-0.33484,-0.26588,-0.20715,-0.27989,-0.50308,-0.16378,-1.14751,-0.51605,-0.38713,-1.18296,-1.00575,-1.00527,-0.5334,-0.58304,-1.37821,-0.77386,-1.17486,-1.33787,-0.80497,-1.32162,-1.58847,-2.40921,-2.36962,-1.70019,-1.75768,-2.03457,-2.1186,-2.27663,-2.35716,-2.31444,-1.45,-1.29002,-1.13056,-1.39404,-1.30242,-1.07253,-1.02009,-1.00698,-1.50534,-0.72032,-0.31624,-0.59841,-0.05408,-0.65139,-0.33293,-0.98554,-0.70856,-0.40984,-1.09999,-1.15115,-0.28082,-1.12681,-0.64566,-0.19191,-0.23637,-0.13991,-0.82812,-0.28084,-1.14524,-0.71024,-0.8092,-0.57073,-0.70736,-1.10764,-0.83497,-0.90181,-1.2184,-0.78919,-0.84846,-1.08595,-1.54073,-0.60438,-1.4538,-1.0485,-0.7327,-1.0056,-0.62202,-0.94898,-1.78887,-0.32655,-1.89699,-4.36637,-2.93732],"p50":[0.74587,0.33671,0.58837,0.36226,0.02828,0.16649,-0.1159,0.27419,0.15553,0.09351,0.48965,0.36936,0.47958,0.33589,0.20882,0.35777,0.18478,0.16857,0.45532,0.32473,0.25407,0.26438,0.09579,0.18848,0.01192,-0.11845,-0.18121,-0.37024,-0.13977,-0.48886,-0.65928,-0.3044,-0.856,-0.81788,-0.86435,-1.43891,-1.21737,-1.26763,-1.34601,-1.1581,-1.01257,-0.90753,-0.64109,-0.62002,-0.35875,-0.13653,-0.8128,-0.24761,-0.22634,-0.1955,-0.07711,-0.40303,0.10068,0.58521,0.51215,0.89779,0.24163,0.72899,0.12611,0.30908,0.35133,0.0025,-0.14395,0.37876,0.2369,0.12509,0.95389,0.26929,0.35937,-0.04566,0.51134,-0.21888,0.41843,0.70785,0.59232,0.15781,0.25741,0.18057,0.05504,0.5329,0.3534,0.15286,-0.04017,0.17078,0.20978,0.5394,0.47861,0.67617,0.13052,0.76151,0.46689,0.16575,0.20864,-0.4851,-2.14639,-0.37967],"p90":[1.4282,1.24244,0.97867,1.07532,0.67319,0.50555,0.63047,1.16557,1.26833,0.92476,0.76535,1.03821,1.35019,1.14872,0.95727,0.94837,1.03659,0.98951,1.04299,0.98133,0.65167,1.05398,0.81687,0.8333,0.84236,0.30865,0.42681,0.44858,0.49996,0.3607,0.29307,0.50408,0.08421,0.32147,-0.2519,-0.48545,-0.42732,-0.5242,-0.47102,-0.18694,-0.10281,-0.51271,0.38757,0.20593,0.62566,0.51205,0.85668,0.47376,0.54501,0.65852,1.14955,0.52054,0.66571,1.13677,1.29713,1.44573,1.24257,1.4063,1.42807,1.04686,1.73985,1.28989,1.14391,1.53536,1.56245,1.17358,1.51998,0.84023,1.52441,0.88675,1.72752,1.11058,1.41751,1.80002,1.26536,1.73579,1.67823,1.53971,1.00169,1.32893,0.86959,1.46013,0.98313,1.79167,2.15976,1.58081,1.84991,1.8486,1.67281,1.53372,1.96541,1.39587,1.49688,0.23575,0.76381,1.23379]},{"geotype":1,"p10":[-0.71065,-1.01816,-0.24954,-0.01189,0.10763,-0.32623,-0.40595,-0.15471,-0.40733,-0.24198,-0.30975,-0.08517,-0.1836,-0.49327,-0.49736,-0.45724,-0.62145,-0.26144,-0.812,-1.12771,-0.37514,-0.82096,-0.82429,-0.8404,-0.72237,-0.5788,-0.71579,-0.7991,-1.35136,-1.22247,-1.37081,-1.61085,-1.80055,-2.35649,-1.89017,-1.98435,-1.8736,-1.56455,-2.17485,-1.83932,-1.60238,-1.80271,-1.28023,-1.74099,-2.0258,-1.49811,-1.50842,-0.64032,-1.23123,-0.93115,-0.62994,-1.53212,-0.68403,-0.38793,-0.91934,-1.04431,-0.60225,-0.89024,-0.34476,-0.66827,-0.82148,-0.40766,-0.43386,-1.27674,-0.94781,-1.0689,-1.10143,-0.5044,-0.9822,-0.90599,-0.40742,-0.46593,-0.41058,-0.54153,-0.60742,-1.03316,-1.18699,-1.34578,-1.15243,-0.95319,-0.52026,-1.26729,-1.56652,-1.05631,-1.9375,-0.98405,-0.78167,-1.24983,-0.96552,-1.08924,-0.96967,-1.5187,-0.64306,0.08159,-0.38287,-0.12136],"p50":[0.00252,-0.02943,0.23695,0.39787,0.35242,0.36359,-0.06433,-0.0047,0.28047,0.04146,0.37519,0.16495,0.14049,0.30386,0.02261,0.33561,0.04828,0.40799,0.13122,-0.10883,0.07594,-0.42136,0.10102,-0.01966,0.18448,-0.27823,-0.22744,-0.20627,-0.19229,0.0138,-0.11496,-0.78489,-1.1445,-1.10395,-1.0533,-0.64644,-0.8726,-0.98985,-1.28885,-1.29034,-0.72591,-1.28655,-0.79997,-0.89363,-0.94555,-0.56121,-0.74603,-0.0726,-0.30184,-0.38779,0.06962,0.00641,-0.04912,0.51352,0.28406,0.09017,0.48313,-0.17109,0.04272,0.24146,0.03221,0.59348,0.16859,-0.19453,0.15688,0.24408,-0.06249,0.60165,0.45717,0.19777,0.45972,0.22117,0.2087,0.34579,0.09033,-0.08624,0.02733,0.31664,0.13697,-0.1503,0.71611,0.64429,0.09537,0.52269,0.12266,0.11876,0.03033,0.21369,0.35732,-0.08297,0.59946,0.08817,0.26924,0.77186,2.06569,2.5219],"p90":[0.92586,1.29896,0.62532,0.96493,0.6683,0.57802,0.69238,0.34956,0.71158,0.79303,0.77576,0.54142,0.68228,0.68174,0.91007,1.15907,0.51304,0.80363,0.62039,0.82598,0.66647,0.35264,0.68097,0.74861,0.59502,0.54501,0.11099,0.1787,0.49514,0.4891,0.50931,0.17305,-0.47529,-0.54508,-0.05158,-0.14547,-0.28059,0.50915,-0.42261,-0.76043,0.07269,-0.32285,-0.07234,-0.28424,0.3123,0.13714,0.33951,0.47142,0.6398,0.59766,0.88008,1.51876,1.43853,1.70189,1.13993,1.04971,1.1426,0.83257,0.48532,0.92812,0.84377,1.26066,1.68486,1.94482,1.15145,1.06343,1.01596,1.06955,1.35519,1.13044,1.24695,1.38892,1.45102,1.40899,1.90119,0.64341,1.41745,1.36248,1.05062,1.28059,1.50757,1.80642,0.68731,2.13047,1.00596,2.42345,1.58483,1.8496,1.35929,1.25552,1.34432,1.43299,1.48381,1.53244,4.77248,3.27014]}],"dtw":{"dmax":12.19027,"rows":[[0,159,132,152,162,133,133,128,163,134,143,126,143,124,120,146,131,124,158,160,133,155,166,158,176,150,147,136,147,142],[159,0,144,137,141,129,131,167,128,138,153,140,114,166,155,141,173,163,179,183,206,219,226,213,206,169,209,161,165,198],[132,144,0,163,182,146,134,133,143,155,135,153,145,135,139,127,145,118,150,173,137,146,153,152,151,146,133,134,138,125],[152,137,163,0,117,113,141,172,144,138,169,139,129,153,145,166,160,167,163,172,197,207,233,218,214,170,211,161,174,201],[162,141,182,117,0,125,158,191,163,141,194,144,133,172,156,180,182,183,195,186,230,241,255,248,247,176,237,192,212,220],[133,129,146,113,125,0,131,167,140,131,147,134,115,145,140,145,158,149,166,154,196,204,226,216,208,143,204,163,170,193],[133,131,134,141,158,131,0,129,122,127,120,132,126,128,132,122,134,121,149,159,131,155,165,156,162,162,144,141,137,148],[128,167,133,172,191,167,129,0,140,142,137,159,158,133,136,155,150,135,144,158,135,144,159,153,163,153,142,144,136,143],[163,128,143,144,163,140,122,140,0,146,133,144,121,145,151,135,159,151,143,161,149,171,182,167,170,165,164,138,148,160],[134,138,155,138,141,131,127,142,146,0,139,131,127,138,128,151,153,159,156,162,171,192,200,193,207,164,179,154,171,173],[143,153,135,169,194,147,120,137,133,139,0,154,150,134,140,131,152,126,141,169,131,142,157,154,167,163,148,146,133,142],[126,140,153,139,144,134,132,159,144,131,154,0,133,134,120,153,151,146,155,156,181,186,213,196,193,169,190,151,158,176],[143,114,145,129,133,115,126,158,121,127,150,133,0,141,134,138,156,151,164,159,198,210,223,202,193,161,203,156,162,194],[124,166,135,153,172,145,128,133,145,138,134,134,141,0,122,140,118,120,148,146,138,135,145,141,156,139,135,130,141,114],[120,155,139,145,156,140,132,136,151,128,140,120,134,122,0,152,129,127,145,160,150,154,168,157,176,158,148,139,151,138],[146,141,127,166,180,145,122,155,135,151,131,153,138,140,152,0,148,119,139,169,135,145,148,142,143,145,141,148,140,136],[131,173,145,160,182,158,134,150,159,153,152,151,156,118,129,148,0,131,142,137,133,139,137,138,154,136,134,121,130,132],[124,163,118,167,183,149,121,135,151,159,126,146,151,120,127,119,131,0,149,162,127,128,126,128,141,147,134,132,133,119],[158,179,150,163,195,166,149,144,143,156,141,155,164,148,145,139,142,149,0,142,146,135,165,146,156,139,145,126,142,145],[160,183,173,172,186,154,159,158,161,162,169,156,159,146,160,169,137,162,142,0,150,151,142,140,159,126,142,154,148,154],[133,206,137,197,230,196,131,135,149,171,131,181,198,138,150,135,133,127,146,150,0,118,124,119,141,153,122,119,132,124],[155,219,146,207,241,204,155,144,171,192,142,186,210,135,154,145,139,128,135,151,118,0,115,111,132,147,112,126,122,122],[166,226,153,233,255,226,165,159,182,200,157,213,223,145,168,148,137,126,165,142,124,115,0,119,127,141,116,144,129,127],[158,213,152,218,248,216,156,153,167,193,154,196,202,141,157,142,138,128,146,140,119,111,119,0,115,137,111,140,125,133],[176,206,151,214,247,208,162,163,170,207,167,193,193,156,176,143,154,141,156,159,141,132,127,115,0,158,129,150,135,144],[150,169,146,170,176,143,162,153,165,164,163,169,161,139,158,145,136,147,139,126,153,147,141,137,158,0,142,148,154,148],[147,209,133,211,237,204,144,142,164,179,148,190,203,135,148,141,134,134,145,142,122,112,116,111,129,142,0,134,123,120],[136,161,134,161,192,163,141,144,138,154,146,151,156,130,139,148,121,132,126,154,119,126,144,140,150,148,134,0,127,123],[147,165,138,174,212,170,137,136,148,171,133,158,162,141,151,140,130,133,142,148,132,122,129,125,135,154,123,127,0,135],[142,198,125,201,220,193,148,143,160,173,142,176,194,114,138,136,132,119,145,154,124,122,127,133,144,148,120,123,135,0]],"order":[1,2,3,4,6,7,8,9,10,11,15,16,17,18,19,20,21,22,0,5,12,13,14,23,24,25,26,27,28,29],"order_labels":[0,0,0,0,0,0,0,0,0,0,0,0,0,0,0,0,0,0,1,1,1,1,1,1,1,1,1,1,1,1],"note":"full"},"embedding":{"mds2d":[[-0.9498,4.7483],[2.6754,2.4894],[3.7279,-5.3818],[-1.5481,-3.1874],[6.4347,0.6054],[0.4219,5.8924],[7.6984,-1.4017],[5.2211,-2.2329],[1.5289,-2.4108],[-0.2503,-1.8141],[1.2655,-4.8572],[4.5809,-0.5185],[-3.9269,1.1793],[-5.0629,2.3156],[-6.4417,1.1369],[-0.8243,-4.7395],[4.9123,2.3925],[4.1885,-3.6277],[0.5144,0.8305],[2.6552,0.8448],[-2.3456,-4.3087],[0.1131,3.1652],[-1.8815,-0.8712],[-4.7706,3.6901],[-6.3123,-1.834],[1.669,4.9736],[-3.5578,3.8511],[-1.4535,1.9186],[-3.887,-2.4006],[-4.395,-0.4476]],"mds3d":[[1.5241,1.5671,4.4012],[-2.2338,-2.7855,-2.4527],[-5.0597,2.9971,-2.1559],[-0.9766,-0.5876,-4.305],[-5.3319,1.1037,2.9805],[1.3774,-2.315,4.8166],[-7.2602,-1.6427,1.1608],[-5.4029,-0.4818,-1.0337],[-1.702,2.2564,-1.2706],[0.9562,3.9388,-2.3274],[-1.6898,4.458,1.1512],[-3.6472,-1.7172,3.0274],[4.0146,2.1874,-1.6046],[5.3805,0.2232,-0.3334],[5.269,-2.5962,-2.0388],[0.7724,4.4052,0.7432],[-2.7191,1.2121,4.2109],[-4.6462,2.6801,0.5699],[-0.1919,-2.9672,-0.4818],[-2.455,-3.097,0.221],[-0.4077,1.8109,-3.9971],[1.1625,-2.2112,2.5096],[0.799,-0.8497,-3.2135],[5.3604,-0.9773,1.5227],[4.5622,0.4062,-4.1994],[0.5983,-4.8977,1.6137],[4.1826,-2.895,0.1415],[1.9993,1.9041,1.0971],[3.4985,2.1847,2.0661],[2.267,-3.3138,-2.8193]],"stress":1938.68364,"medoid_idx":[8,13]},"stats":{"n_members":30,"display_cols":64,"dtw_n":30,"dtw_note":"full","decimation":"min/max-per-pixel (extrema-preserving)"}}